68,494,361,527,196,751,505,385,989,491,732,172,308,854,988,518,1022,969,854,463,418,631,929,180,319,409,448,743,745,922,474
753,798,565,896,939,694,326,62,921,730,838,349,360,700,691,168,738,280,895,574,671,689,784,64,886,750,768,556,805,343,62
217,869,315,133,67,969,291,675,473,832,917,756,397,377,33,128,420,575,656,650,111,981,783,867,993,403,958,335,971,466,653
350,564,565,145,109,956,568,860,142,666,685,731,957,1004,333,700,413,48,772,951,99,297,856,804,600,124,539,1013,317,188,663
382,794,682,601,58,79,377,177,968,751,993,457,134,218,34,364,484,314,780,410,972,936,236,785,248,615,449,973,533,57,440
195,927,618,789,682,437,386,651,564,575,510,622,68,629,377,318,863,401,47,623,48,375,226,695,511,308,761,80,1026,445,965
927,815,154,494,755,920,675,510,834,448,337,644,840,541,336,643,962,478,627,276,546,583,825,330,251,35,871,636,1016,729,222
512,120,370,550,614,341,530,475,227,485,645,607,823,825,308,616,825,36,184,499,649,565,319,65,206,217,684,985,218,842,915
183,538,229,661,299,82,355,673,389,913,902,460,896,169,871,443,908,1025,349,678,48,726,584,503,919,416,102,739,627,537,30
896,888,715,428,816,282,450,29,612,209,312,115,453,644,784,859,959,196,181,748,216,1003,356,395,719,452,582,461,576,468,539
172,87,745,780,166,450,306,1023,714,556,576,464,893,976,220,222,324,443,313,132,515,309,482,761,141,728,343,698,813,290,340
382,212,80,939,835,859,972,340,783,348,585,673,1009,508,171,223,249,156,188,562,477,200,493,71,686,319,466,280,51,181,537
772,676,213,340,501,49,195,45,814,932,985,418,229,652,504,441,341,851,361,901,399,186,860,97,514,324,545,204,800,297,790
695,219,1012,129,507,240,654,829,126,554,652,570,951,50,999,88,208,30,459,532,620,752,58,519,169,249,313,91,927,214,387
440,1001,297,197,262,860,738,787,923,694,312,577,167,721,722,651,46,152,603,721,685,329,398,493,705,620,878,511,45,491,146
179,827,114,87,953,37,784,197,342,603,254,70,785,191,136,909,113,592,514,604,501,652,654,656,955,450,547,929,989,150,623
764,288,222,552,291,287,229,143,57,353,38,798,438,574,180,547,817,951,215,790,967,878,689,856,927,740,985,605,392,34,504
227,85,466,330,787,384,351,504,135,140,914,828,877,487,455,1020,411,432,567,138,731,862,383,99,377,850,512,583,243,653,384
553,384,364,298,896,388,923,49,644,139,744,723,612,68,450,156,256,592,586,959,323,882,80,989,611,761,681,999,484,396,559
990,634,510,938,662,94,875,702,965,250,169,781,538,768,202,486,852,248,897,653,961,232,810,877,425,306,728,220,761,664,561
583,1020,203,732,989,575,908,327,440,668,882,882,169,489,638,904,451,705,779,470,323,700,67,340,902,99,845,637,44,959,139
722,196,858,67,515,712,117,524,616,1017,172,380,341,678,767,71,285,362,786,219,632,291,208,530,856,802,635,319,1024,576,583
588,654,494,568,156,267,840,201,628,104,242,710,240,1019,851,628,419,786,697,455,54,111,102,813,525,997,314,874,631,530,248
690,733,390,37,198,516,267,191,569,646,940,618,731,845,259,777,232,1002,566,330,449,125,274,611,675,998,891,940,102,572,739
573,705,796,289,546,1012,316,971,892,567,272,535,345,897,628,350,159,499,179,114,597,790,928,130,450,554,627,996,42,592,55
570,374,115,970,664,436,490,76,708,615,369,635,87,248,785,981,915,173,717,976,870,457,647,775,94,563,810,62,253,212,65
880,656,251,775,950,386,284,793,971,982,345,753,438,52,382,28,576,523,611,542,991,369,102,940,169,223,975,99,453,633,200
456,431,732,653,839,402,120,592,63,763,168,841,1021,283,679,963,865,509,382,42,158,257,868,652,38,664,213,717,677,689,661
920,380,443,479,35,289,260,481,330,661,330,283,175,151,344,240,136,55,227,107,345,885,77,182,388,291,930,703,670,936,929
588,516,975,309,680,701,247,429,950,858,396,905,286,35,646,998,30,972,808,531,419,712,340,725,616,749,965,64,437,488,261
535,988,986,520,542,296,964,896,85,727,998,291,144,242,582,842,357,66,239,315,109,981,112,737,511,801,407,842,978,568,142
706,137,925,100,815,1004,159,983,716,140,35,968,817,750,390,55,211,805,227,98,912,1001,98,360,894,180,322,195,852,703,656
677,625,336,720,713,107,143,276,694,555,706,891,448,432,853,843,543,753,693,114,708,991,367,713,48,689,748,91,336,442,929
900,151,968,772,789,450,558,833,295,345,629,934,334,508,39,163,657,141,836,111,583,317,320,1023,179,81,372,735,275,518,739
158,141,466,985,749,731,1022,79,296,506,265,450,945,893,686,525,513,223,489,660,185,49,173,419,64,952,674,485,629,834,125
857,319,627,305,826,379,475,909,567,342,602,789,594,363,424,445,924,855,878,843,257,476,952,685,256,547,967,587,174,189,682
702,819,388,781,425,173,741,973,215,596,665,690,102,542,548,502,642,555,261,597,932,491,584,989,188,551,576,496,357,950,377
360,952,937,764,363,364,305,420,663,741,191,618,976,162,532,364,31,364,650,691,997,635,595,308,112,179,400,679,221,903,853
423,599,276,667,201,846,970,638,968,316,446,592,832,612,243,477,642,636,91,193,920,101,536,327,722,600,616,188,199,995,385
58,295,453,537,449,801,806,937,579,209,418,522,791,901,391,929,282,487,501,999,848,149,574,604,816,632,222,621,977,370,781
508,39,699,466,455,939,789,994,435,442,935,250,786,461,231,513,346,985,972,833,193,727,394,719,814,559,583,1001,474,48,310
249,358,403,610,975,750,1009,45,803,247,138,209,883,517,952,351,513,704,996,670,561,704,695,95,1018,223,810,855,754,453,898
724,639,730,54,435,572,535,212,265,264,470,340,528,877,155,138,677,176,219,481,896,708,492,294,740,820,661,499,999,857,928
469,204,904,797,729,391,408,617,850,264,50,206,622,196,354,69,337,209,85,953,514,697,555,678,285,240,887,810,313,769,637
499,155,461,868,745,530,894,892,965,908,284,777,641,625,485,688,90,783,834,305,516,462,392,102,613,413,860,387,357,75,955
519,460,867,793,762,837,626,864,919,1009,355,379,396,271,821,635,279,674,459,562,235,291,524,270,676,42,868,216,127,839,675
550,878,501,660,918,227,881,1017,724,946,807,605,958,571,367,514,926,552,510,565,519,220,279,38,587,861,867,524,812,556,567
832,818,419,237,576,605,1006,998,304,100,220,647,524,853,303,817,609,605,186,445,516,186,476,951,99,407,35,994,235,504,530
397,634,223,101,749,638,46,788,83,917,190,710,743,959,479,768,981,840,889,423,487,642,931,626,163,707,225,59,414,611,267
544,33,697,268,909,276,550,785,132,648,122,323,943,705,205,606,85,604,777,34,756,108,1022,705,703,780,926,811,592,120,635
199,270,956,541,195,82,218,1000,949,775,678,1013,171,473,604,544,656,943,901,818,496,939,173,720,118,842,976,884,667,79,263
578,514,253,189,982,210,421,207,124,92,92,540,288,605,105,905,167,638,974,472,197,1002,516,777,176,360,892,241,309,34,459
923,394,549,909,837,668,258,214,732,506,348,565,378,474,235,673,303,786,216,449,693,513,482,55,641,887,280,804,375,530,888
458,109,482,224,133,779,848,323,308,48,482,974,151,345,162,403,801,886,1025,101,280,949,662,670,915,180,259,774,707,953,705
477,828,988,226,882,390,743,600,588,272,500,301,577,380,208,314,726,137,670,492,199,556,1008,139,503,408,274,917,698,832,399
59,1016,347,192,458,685,320,233,605,975,233,198,193,423,724,47,721,556,815,136,1011,996,1005,644,42,653,711,195,933,955,124
145,417,226,812,513,226,447,737,298,840,442,112,345,607,358,294,414,471,213,534,387,854,101,458,179,298,295,720,912,364,338
631,704,433,795,49,440,27,569,564,65,415,382,316,674,208,120,611,1014,788,520,244,528,509,474,692,780,131,111,122,552,248
991,808,899,133,683,370,620,107,107,895,438,740,995,278,243,106,795,67,558,960,806,690,286,680,963,122,392,901,747,862,707
1003,482,752,98,835,586,183,629,859,932,467,402,589,912,989,107,863,824,229,535,107,367,103,85,520,767,573,501,800,124,907
362,99,427,734,982,693,168,615,508,195,342,423,252,36,39,163,482,789,70,769,48,949,539,275,45,395,744,741,677,317,362
786,196,922,330,667,1006,226,132,818,688,708,679,780,60,56,1014,69,280,110,447,841,745,271,90,256,679,891,796,497,32,74
621,514,353,303,350,567,706,1017,615,737,298,972,248,497,210,616,982,1005,806,33,289,162,514,223,60,115,962,806,1020,817,989
992,28,132,834,594,696,161,698,484,1025,572,624,245,865,871,399,590,55,291,828,750,517,631,628,254,224,719,798,390,328,390
748,592,448,472,637,522,768,49,839,178,42,82,420,765,306,909,635,681,849,734,272,365,171,317,366,181,631,650,252,105,751
1008,357,760,250,621,157,873,1014,472,832,643,777,516,365,990,162,724,236,657,251,935,764,501,947,399,320,882,761,588,83,633
211,102,409,146,768,459,711,806,306,310,694,863,152,145,764,55,146,604,764,118,583,822,87,928,820,459,163,607,902,934,211
101,746,817,503,68,378,356,317,1001,99,618,216,814,517,266,920,80,90,708,930,32,203,506,722,166,495,1025,110,666,542,648
1020,853,749,865,855,608,426,1005,918,50,970,861,270,376,729,734,529,168,714,373,918,664,440,427,843,717,189,962,153,437,904
409,287,216,732,901,690,749,222,593,387,65,615,838,272,494,452,894,216,569,90,574,529,644,126,50,253,230,75,78,597,663
485,994,483,432,558,989,846,1002,583,558,522,71,618,830,415,942,477,346,299,818,410,160,802,669,596,327,981,105,612,284,360
920,517,130,777,260,749,298,638,1017,365,668,285,74,379,685,506,329,710,1017,29,595,449,922,162,35,388,769,221,726,215,205
69,384,968,874,496,372,407,940,991,737,88,412,100,531,489,730,129,96,181,556,579,101,176,757,271,871,76,145,92,390,579
800,497,758,774,538,896,425,525,130,379,706,80,70,549,115,590,861,877,49,267,938,519,678,607,504,643,903,205,247,642,375
825,206,662,884,910,689,929,289,447,797,49,300,868,713,915,944,744,919,725,294,776,92,416,959,646,108,30,157,55,658,616
179,657,199,891,434,322,455,708,517,637,204,98,263,486,670,867,660,64,920,657,301,1020,809,230,488,317,689,334,1024,178,450
917,744,667,730,593,910,688,686,272,413,678,792,628,867,236,524,310,277,85,448,202,608,814,298,314,1026,531,1006,165,727,557
488,145,232,567,855,486,649,425,787,125,962,508,641,594,520,623,188,773,565,697,565,503,582,944,398,787,779,785,460,282,92
753,428,61,786,420,575,300,819,220,960,164,130,717,238,721,695,654,525,1016,275,906,674,176,958,696,902,625,476,463,626,150
470,758,181,888,461,412,994,843,420,731,893,980,335,250,711,819,694,75,496,957,838,841,117,454,770,631,626,501,222,533,185
616,885,836,916,474,67,845,391,1002,53,116,530,93,439,867,597,703,422,668,1013,678,136,214,110,112,417,277,713,782,408,155
529,304,889,451,592,899,859,912,455,673,916,505,910,952,292,287,72,805,848,882,547,954,800,161,278,702,363,361,28,764,337
1001,617,383,98,107,962,172,309,852,745,600,739,64,1025,932,189,744,719,566,74,973,130,258,142,866,885,856,672,421,226,672
299,702,889,99,800,507,265,924,569,635,230,304,152,161,428,105,409,196,763,505,966,165,748,453,690,704,602,751,1008,727,988
889,29,475,122,711,43,164,534,1020,311,971,286,848,85,670,695,704,146,884,68,918,291,650,942,99,956,868,742,642,563,984
786,727,479,120,268,856,475,254,825,251,351,301,160,912,65,197,889,656,111,936,905,950,112,427,51,220,132,439,792,794,434
704,811,731,817,861,918,648,112,761,217,569,1025,113,45,648,451,624,403,281,696,135,954,520,95,393,129,465,627,846,345,317
1011,366,583,835,659,505,841,814,266,101,47,854,581,1015,468,825,669,29,348,131,973,83,536,860,735,788,560,713,831,412,169
869,287,188,647,370,605,214,140,90,618,961,442,683,788,39,438,986,278,765,397,151,534,34,611,978,128,516,985,468,817,40
439,882,87,120,499,429,703,570,400,293,678,302,555,559,788,496,530,756,134,919,478,980,419,597,546,499,434,521,532,467,410
289,436,634,65,387,498,198,681,974,541,550,256,516,793,914,783,659,497,766,693,549,310,187,580,732,118,286,413,714,656,69
344,72,383,415,479,181,493,860,787,946,658,765,294,803,125,341,347,80,34,496,243,749,869,34,490,287,974,820,657,744,70
403,341,653,144,361,647,198,819,991,181,893,720,691,802,27,239,127,578,503,406,970,904,816,388,412,299,461,171,588,590,531
973,915,335,184,457,150,491,101,373,864,1008,345,638,319,618,859,150,488,1018,488,357,525,396,318,427,206,144,344,941,622,468
963,894,55,480,936,1000,1008,530,596,843,910,394,412,429,257,184,708,594,337,893,714,198,504,272,791,265,698,74,142,619,338
684,432,80,198,607,767,557,702,347,817,404,1025,613,631,516,658,771,415,637,745,946,286,954,636,146,506,743,327,423,880,485
857,620,833,876,881,299,187,321,81,360,173,256,498,455,586,268,448,715,393,60,712,297,356,288,887,235,1009,189,533,905,1006
924,914,565,496,810,567,822,293,660,536,584,344,161,80,162,285,620,870,720,493,978,167,121,964,201,539,124,578,722,844,519
319,264,557,640,323,737,416,655,836,813,771,867,209,596,147,420,319,989,241,554,834,221,732,740,38,940,720,691,230,1022,789
408,973,936,75,795,651,538,981,262,154,660,267,889,154,604,844,367,169,127,427,585,503,181,962,457,858,322,564,650,949,954
X-X-X
